# Configuration.csv file for Capstone Project.
# Configuration Tse of the end-effector, 
# expressed as 13 variables separated by commas. The 13 variables are, in order
# r11, r12, r13, r21, r22, r23, r31, r32, r33, px, py, pz, gripper state
1.0,0.0,0.0,0.0,1.0,0.0,0.0,0.0,1.0,0.1662,0.0,0.5,0
1.0,0.0,0.0,0.0,1.0,0.0,0.0,0.0,1.0,0.16620024,0.0,0.50000028,0
1.0,0.0,3.14e-06,0.0,1.0,0.0,-3.14e-06,0.0,1.0,0.16620097,0.0,0.50000112,0
1.0,0.0,7.07e-06,0.0,1.0,0.0,-7.07e-06,0.0,1.0,0.16620218,0.0,0.50000251,0
1.0,0.0,1.256e-05,0.0,1.0,0.0,-1.256e-05,0.0,1.0,0.16620387,0.0,0.50000446,0
1.0,0.0,1.963e-05,0.0,1.0,0.0,-1.963e-05,0.0,1.0,0.16620605,0.0,0.50000697,0
1.0,0.0,2.826e-05,0.0,1.0,0.0,-2.826e-05,0.0,1.0,0.16620871,0.0,0.50001003,0
1.0,0.0,3.845e-05,0.0,1.0,0.0,-3.845e-05,0.0,1.0,0.16621185,0.0,0.50001365,0
1.0,0.0,5.021e-05,0.0,1.0,0.0,-5.021e-05,0.0,1.0,0.16621547,0.0,0.50001782,0
1.0,0.0,6.353e-05,0.0,1.0,0.0,-6.353e-05,0.0,1.0,0.16621958,0.0,0.50002255,0
1.0,0.0,7.842e-05,0.0,1.0,0.0,-7.842e-05,0.0,1.0,0.16622416,0.0,0.50002783,0
1.0,0.0,9.486e-05,0.0,1.0,0.0,-9.486e-05,0.0,1.0,0.16622923,0.0,0.50003367,0
0.99999999,0.0,0.00011287,0.0,1.0,0.0,-0.00011287,0.0,0.99999999,0.16623478,0.0,0.50004006,0
0.99999999,0.0,0.00013244,0.0,1.0,0.0,-0.00013244,0.0,0.99999999,0.16624081,0.0,0.50004701,0
0.99999999,0.0,0.00015356,0.0,1.0,0.0,-0.00015356,0.0,0.99999999,0.16624732,0.0,0.5000545,0
0.99999998,0.0,0.00017624,0.0,1.0,0.0,-0.00017624,0.0,0.99999998,0.16625431,0.0,0.50006255,0
0.99999998,0.0,0.00020048,0.0,1.0,0.0,-0.00020048,0.0,0.99999998,0.16626178,0.0,0.50007115,0
0.99999997,0.0,0.00022627,0.0,1.0,0.0,-0.00022627,0.0,0.99999997,0.16626973,0.0,0.50008031,0
0.99999997,0.0,0.00025362,0.0,1.0,0.0,-0.00025362,0.0,0.99999997,0.16627816,0.0,0.50009001,0
0.99999996,0.0,0.00028252,0.0,1.0,0.0,-0.00028252,0.0,0.99999996,0.16628706,0.0,0.50010027,0
0.99999995,0.0,0.00031297,0.0,1.0,0.0,-0.00031297,0.0,0.99999995,0.16629645,0.0,0.50011107,0
0.99999994,0.0,0.00034497,0.0,1.0,0.0,-0.00034497,0.0,0.99999994,0.16630631,0.0,0.50012243,0
0.99999993,0.0,0.00037853,0.0,1.0,0.0,-0.00037853,0.0,0.99999993,0.16631665,0.0,0.50013433,0
0.99999991,0.0,0.00041363,0.0,1.0,0.0,-0.00041363,0.0,0.99999991,0.16632747,0.0,0.50014679,0
0.9999999,0.0,0.00045028,0.0,1.0,0.0,-0.00045028,0.0,0.9999999,0.16633877,0.0,0.50015979,0
0.99999988,0.0,0.00048847,0.0,1.0,0.0,-0.00048847,0.0,0.99999988,0.16635055,0.0,0.50017334,0
0.99999986,0.0,0.00052821,0.0,1.0,0.0,-0.00052821,0.0,0.99999986,0.1663628,0.0,0.50018744,0
0.99999984,0.0,0.0005695,0.0,1.0,0.0,-0.0005695,0.0,0.99999984,0.16637553,0.0,0.50020209,0
0.99999981,0.0,0.00061233,0.0,1.0,0.0,-0.00061233,0.0,0.99999981,0.16638873,0.0,0.50021729,0
0.99999978,0.0,0.0006567,0.0,1.0,0.0,-0.0006567,0.0,0.99999978,0.16640242,0.0,0.50023303,0
0.99999975,0.0,0.00070261,0.0,1.0,0.0,-0.00070261,0.0,0.99999975,0.16641657,0.0,0.50024931,0
0.99999972,0.0,0.00075007,0.0,1.0,0.0,-0.00075007,0.0,0.99999972,0.16643121,0.0,0.50026615,0
0.99999968,0.0,0.00079906,0.0,1.0,0.0,-0.00079906,0.0,0.99999968,0.16644632,0.0,0.50028352,0
0.99999964,0.0,0.00084959,0.0,1.0,0.0,-0.00084959,0.0,0.99999964,0.1664619,0.0,0.50030145,0
0.99999959,0.0,0.00090166,0.0,1.0,0.0,-0.00090166,0.0,0.99999959,0.16647796,0.0,0.50031991,0
0.99999954,0.0,0.00095526,0.0,1.0,0.0,-0.00095526,0.0,0.99999954,0.16649449,0.0,0.50033893,0
0.99999949,0.0,0.0010104,0.0,1.0,0.0,-0.0010104,0.0,0.99999949,0.1665115,0.0,0.50035848,0
0.99999943,0.0,0.00106708,0.0,1.0,0.0,-0.00106708,0.0,0.99999943,0.16652898,0.0,0.50037858,0
0.99999937,0.0,0.00112528,0.0,1.0,0.0,-0.00112528,0.0,0.99999937,0.16654694,0.0,0.50039922,0
0.9999993,0.0,0.00118502,0.0,1.0,0.0,-0.00118502,0.0,0.9999993,0.16656537,0.0,0.5004204,0
0.99999922,0.0,0.00124629,0.0,1.0,0.0,-0.00124629,0.0,0.99999922,0.16658428,0.0,0.50044213,0
0.99999914,0.0,0.00130909,0.0,1.0,0.0,-0.00130909,0.0,0.99999914,0.16660365,0.0,0.50046439,0
0.99999906,0.0,0.00137342,0.0,1.0,0.0,-0.00137342,0.0,0.99999906,0.16662351,0.0,0.5004872,0
0.99999896,0.0,0.00143928,0.0,1.0,0.0,-0.00143928,0.0,0.99999896,0.16664383,0.0,0.50051055,0
0.99999886,0.0,0.00150666,0.0,1.0,0.0,-0.00150666,0.0,0.99999886,0.16666463,0.0,0.50053443,0
0.99999876,0.0,0.00157557,0.0,1.0,0.0,-0.00157557,0.0,0.99999876,0.1666859,0.0,0.50055886,0
0.99999865,0.0,0.001646,0.0,1.0,0.0,-0.001646,0.0,0.99999865,0.16670764,0.0,0.50058382,0
0.99999852,0.0,0.00171796,0.0,1.0,0.0,-0.00171796,0.0,0.99999852,0.16672985,0.0,0.50060933,0
0.9999984,0.0,0.00179144,0.0,1.0,0.0,-0.00179144,0.0,0.9999984,0.16675254,0.0,0.50063537,0
0.99999826,0.0,0.00186644,0.0,1.0,0.0,-0.00186644,0.0,0.99999826,0.1667757,0.0,0.50066195,0
0.99999811,0.0,0.00194297,0.0,1.0,0.0,-0.00194297,0.0,0.99999811,0.16679933,0.0,0.50068907,0
0.99999796,0.0,0.00202101,0.0,1.0,0.0,-0.00202101,0.0,0.99999796,0.16682343,0.0,0.50071672,0
0.99999779,0.0,0.00210057,0.0,1.0,0.0,-0.00210057,0.0,0.99999779,0.166848,0.0,0.50074491,0
0.99999762,0.0,0.00218164,0.0,1.0,0.0,-0.00218164,0.0,0.99999762,0.16687304,0.0,0.50077363,0
0.99999744,0.0,0.00226424,0.0,1.0,0.0,-0.00226424,0.0,0.99999744,0.16689855,0.0,0.50080289,0
0.99999724,0.0,0.00234834,0.0,1.0,0.0,-0.00234834,0.0,0.99999724,0.16692454,0.0,0.50083269,0
0.99999704,0.0,0.00243397,0.0,1.0,0.0,-0.00243397,0.0,0.99999704,0.16695099,0.0,0.50086301,0
0.99999682,0.0,0.0025211,0.0,1.0,0.0,-0.0025211,0.0,0.99999682,0.16697792,0.0,0.50089388,0
0.99999659,0.0,0.00260975,0.0,1.0,0.0,-0.00260975,0.0,0.99999659,0.16700531,0.0,0.50092527,0
0.99999636,0.0,0.00269991,0.0,1.0,0.0,-0.00269991,0.0,0.99999636,0.16703318,0.0,0.5009572,0
0.9999961,0.0,0.00279158,0.0,1.0,0.0,-0.00279158,0.0,0.9999961,0.16706151,0.0,0.50098966,0
0.99999584,0.0,0.00288476,0.0,1.0,0.0,-0.00288476,0.0,0.99999584,0.16709031,0.0,0.50102265,0
0.99999556,0.0,0.00297944,0.0,1.0,0.0,-0.00297944,0.0,0.99999556,0.16711958,0.0,0.50105617,0
0.99999527,0.0,0.00307563,0.0,1.0,0.0,-0.00307563,0.0,0.99999527,0.16714933,0.0,0.50109023,0
0.99999496,0.0,0.00317333,0.0,1.0,0.0,-0.00317333,0.0,0.99999496,0.16717954,0.0,0.50112481,0
0.99999465,0.0,0.00327254,0.0,1.0,0.0,-0.00327254,0.0,0.99999465,0.16721022,0.0,0.50115992,0
0.99999431,0.0,0.00337324,0.0,1.0,0.0,-0.00337324,0.0,0.99999431,0.16724136,0.0,0.50119556,0
0.99999396,0.0,0.00347545,0.0,1.0,0.0,-0.00347545,0.0,0.99999396,0.16727298,0.0,0.50123174,0
0.99999359,0.0,0.00357916,0.0,1.0,0.0,-0.00357916,0.0,0.99999359,0.16730507,0.0,0.50126843,0
0.99999321,0.0,0.00368437,0.0,1.0,0.0,-0.00368437,0.0,0.99999321,0.16733762,0.0,0.50130566,0
0.99999281,0.0,0.00379108,0.0,1.0,0.0,-0.00379108,0.0,0.99999281,0.16737064,0.0,0.50134341,0
0.9999924,0.0,0.00389929,0.0,1.0,0.0,-0.00389929,0.0,0.9999924,0.16740413,0.0,0.50138169,0
0.99999196,0.0,0.004009,0.0,1.0,0.0,-0.004009,0.0,0.99999196,0.16743808,0.0,0.5014205,0
0.99999151,0.0,0.0041202,0.0,1.0,0.0,-0.0041202,0.0,0.99999151,0.16747251,0.0,0.50145983,0
0.99999104,0.0,0.0042329,0.0,1.0,0.0,-0.0042329,0.0,0.99999104,0.1675074,0.0,0.50149969,0
0.99999055,0.0,0.00434709,0.0,1.0,0.0,-0.00434709,0.0,0.99999055,0.16754276,0.0,0.50154007,0
0.99999004,0.0,0.00446278,0.0,1.0,0.0,-0.00446278,0.0,0.99999004,0.16757858,0.0,0.50158098,0
0.99998951,0.0,0.00457996,0.0,1.0,0.0,-0.00457996,0.0,0.99998951,0.16761487,0.0,0.5016224,0
0.99998896,0.0,0.00469862,0.0,1.0,0.0,-0.00469862,0.0,0.99998896,0.16765163,0.0,0.50166436,0
0.99998839,0.0,0.00481878,0.0,1.0,0.0,-0.00481878,0.0,0.99998839,0.16768886,0.0,0.50170683,0
0.9999878,0.0,0.00494043,0.0,1.0,0.0,-0.00494043,0.0,0.9999878,0.16772655,0.0,0.50174982,0
0.99998718,0.0,0.00506357,0.0,1.0,0.0,-0.00506357,0.0,0.99998718,0.16776471,0.0,0.50179334,0
0.99998654,0.0,0.00518819,0.0,1.0,0.0,-0.00518819,0.0,0.99998654,0.16780333,0.0,0.50183738,0
0.99998588,0.0,0.0053143,0.0,1.0,0.0,-0.0053143,0.0,0.99998588,0.16784242,0.0,0.50188194,0
0.99998519,0.0,0.00544189,0.0,1.0,0.0,-0.00544189,0.0,0.99998519,0.16788198,0.0,0.50192701,0
0.99998448,0.0,0.00557097,0.0,1.0,0.0,-0.00557097,0.0,0.99998448,0.167922,0.0,0.50197261,0
0.99998375,0.0,0.00570152,0.0,1.0,0.0,-0.00570152,0.0,0.99998375,0.16796249,0.0,0.50201872,0
0.99998298,0.0,0.00583357,0.0,1.0,0.0,-0.00583357,0.0,0.99998298,0.16800345,0.0,0.50206536,0
0.9999822,0.0,0.00596709,0.0,1.0,0.0,-0.00596709,0.0,0.9999822,0.16804487,0.0,0.50211251,0
0.99998138,0.0,0.00610209,0.0,1.0,0.0,-0.00610209,0.0,0.99998138,0.16808675,0.0,0.50216017,0
0.99998054,0.0,0.00623857,0.0,1.0,0.0,-0.00623857,0.0,0.99998054,0.1681291,0.0,0.50220836,0
0.99997967,0.0,0.00637652,0.0,1.0,0.0,-0.00637652,0.0,0.99997967,0.16817192,0.0,0.50225705,0
0.99997877,0.0,0.00651596,0.0,1.0,0.0,-0.00651596,0.0,0.99997877,0.1682152,0.0,0.50230627,0
0.99997784,0.0,0.00665686,0.0,1.0,0.0,-0.00665686,0.0,0.99997784,0.16825894,0.0,0.502356,0
0.99997688,0.0,0.00679925,0.0,1.0,0.0,-0.00679925,0.0,0.99997688,0.16830315,0.0,0.50240624,0
0.9999759,0.0,0.0069431,0.0,1.0,0.0,-0.0069431,0.0,0.9999759,0.16834783,0.0,0.502457,0
0.99997488,0.0,0.00708843,0.0,1.0,0.0,-0.00708843,0.0,0.99997488,0.16839297,0.0,0.50250827,0
0.99997383,0.0,0.00723523,0.0,1.0,0.0,-0.00723523,0.0,0.99997383,0.16843857,0.0,0.50256005,0
0.99997274,0.0,0.00738349,0.0,1.0,0.0,-0.00738349,0.0,0.99997274,0.16848464,0.0,0.50261234,0
0.99997162,0.0,0.00753323,0.0,1.0,0.0,-0.00753323,0.0,0.99997162,0.16853117,0.0,0.50266514,0
0.99997047,0.0,0.00768444,0.0,1.0,0.0,-0.00768444,0.0,0.99997047,0.16857817,0.0,0.50271846,0
0.99996929,0.0,0.00783711,0.0,1.0,0.0,-0.00783711,0.0,0.99996929,0.16862563,0.0,0.50277229,0
0.99996807,0.0,0.00799125,0.0,1.0,0.0,-0.00799125,0.0,0.99996807,0.16867355,0.0,0.50282662,0
0.99996681,0.0,0.00814685,0.0,1.0,0.0,-0.00814685,0.0,0.99996681,0.16872194,0.0,0.50288146,0
0.99996552,0.0,0.00830391,0.0,1.0,0.0,-0.00830391,0.0,0.99996552,0.16877079,0.0,0.50293682,0
0.99996419,0.0,0.00846244,0.0,1.0,0.0,-0.00846244,0.0,0.99996419,0.16882011,0.0,0.50299267,0
0.99996283,0.0,0.00862243,0.0,1.0,0.0,-0.00862243,0.0,0.99996283,0.16886989,0.0,0.50304904,0
0.99996142,0.0,0.00878388,0.0,1.0,0.0,-0.00878388,0.0,0.99996142,0.16892014,0.0,0.50310591,0
0.99995998,0.0,0.00894679,0.0,1.0,0.0,-0.00894679,0.0,0.99995998,0.16897084,0.0,0.50316329,0
0.99995849,0.0,0.00911116,0.0,1.0,0.0,-0.00911116,0.0,0.99995849,0.16902201,0.0,0.50322118,0
0.99995697,0.0,0.00927699,0.0,1.0,0.0,-0.00927699,0.0,0.99995697,0.16907365,0.0,0.50327957,0
0.9999554,0.0,0.00944427,0.0,1.0,0.0,-0.00944427,0.0,0.9999554,0.16912575,0.0,0.50333846,0
0.99995379,0.0,0.00961301,0.0,1.0,0.0,-0.00961301,0.0,0.99995379,0.16917831,0.0,0.50339786,0
0.99995214,0.0,0.0097832,0.0,1.0,0.0,-0.0097832,0.0,0.99995214,0.16923133,0.0,0.50345776,0
0.99995045,0.0,0.00995484,0.0,1.0,0.0,-0.00995484,0.0,0.99995045,0.16928482,0.0,0.50351816,0
0.99994871,0.0,0.01012794,0.0,1.0,0.0,-0.01012794,0.0,0.99994871,0.16933877,0.0,0.50357906,0
0.99994693,0.0,0.01030248,0.0,1.0,0.0,-0.01030248,0.0,0.99994693,0.16939318,0.0,0.50364047,0
0.9999451,0.0,0.01047848,0.0,1.0,0.0,-0.01047848,0.0,0.9999451,0.16944806,0.0,0.50370238,0
0.99994322,0.0,0.01065593,0.0,1.0,0.0,-0.01065593,0.0,0.99994322,0.1695034,0.0,0.50376478,0
0.9999413,0.0,0.01083482,0.0,1.0,0.0,-0.01083482,0.0,0.9999413,0.1695592,0.0,0.50382769,0
0.99993933,0.0,0.01101516,0.0,1.0,0.0,-0.01101516,0.0,0.99993933,0.16961547,0.0,0.50389109,0
0.99993731,0.0,0.01119695,0.0,1.0,0.0,-0.01119695,0.0,0.99993731,0.16967219,0.0,0.50395499,0
0.99993524,0.0,0.01138018,0.0,1.0,0.0,-0.01138018,0.0,0.99993524,0.16972938,0.0,0.50401939,0
0.99993312,0.0,0.01156485,0.0,1.0,0.0,-0.01156485,0.0,0.99993312,0.16978704,0.0,0.50408429,0
0.99993096,0.0,0.01175096,0.0,1.0,0.0,-0.01175096,0.0,0.99993096,0.16984515,0.0,0.50414968,0
0.99992873,0.0,0.01193852,0.0,1.0,0.0,-0.01193852,0.0,0.99992873,0.16990373,0.0,0.50421557,0
0.99992646,0.0,0.01212752,0.0,1.0,0.0,-0.01212752,0.0,0.99992646,0.16996277,0.0,0.50428195,0
0.99992413,0.0,0.01231796,0.0,1.0,0.0,-0.01231796,0.0,0.99992413,0.17002227,0.0,0.50434883,0
0.99992175,0.0,0.01250983,0.0,1.0,0.0,-0.01250983,0.0,0.99992175,0.17008224,0.0,0.5044162,0
0.99991931,0.0,0.01270314,0.0,1.0,0.0,-0.01270314,0.0,0.99991931,0.17014266,0.0,0.50448406,0
0.99991682,0.0,0.01289789,0.0,1.0,0.0,-0.01289789,0.0,0.99991682,0.17020355,0.0,0.50455242,0
0.99991427,0.0,0.01309408,0.0,1.0,0.0,-0.01309408,0.0,0.99991427,0.17026491,0.0,0.50462127,0
0.99991166,0.0,0.01329169,0.0,1.0,0.0,-0.01329169,0.0,0.99991166,0.17032672,0.0,0.50469061,0
0.999909,0.0,0.01349074,0.0,1.0,0.0,-0.01349074,0.0,0.999909,0.170389,0.0,0.50476044,0
0.99990627,0.0,0.01369122,0.0,1.0,0.0,-0.01369122,0.0,0.99990627,0.17045173,0.0,0.50483076,0
0.99990349,0.0,0.01389314,0.0,1.0,0.0,-0.01389314,0.0,0.99990349,0.17051493,0.0,0.50490157,0
0.99990064,0.0,0.01409648,0.0,1.0,0.0,-0.01409648,0.0,0.99990064,0.1705786,0.0,0.50497287,0
0.99989773,0.0,0.01430125,0.0,1.0,0.0,-0.01430125,0.0,0.99989773,0.17064272,0.0,0.50504466,0
0.99989476,0.0,0.01450745,0.0,1.0,0.0,-0.01450745,0.0,0.99989476,0.17070731,0.0,0.50511693,0
0.99989173,0.0,0.01471507,0.0,1.0,0.0,-0.01471507,0.0,0.99989173,0.17077236,0.0,0.50518969,0
0.99988863,0.0,0.01492412,0.0,1.0,0.0,-0.01492412,0.0,0.99988863,0.17083787,0.0,0.50526294,0
0.99988547,0.0,0.01513459,0.0,1.0,0.0,-0.01513459,0.0,0.99988547,0.17090384,0.0,0.50533667,0
0.99988224,0.0,0.01534649,0.0,1.0,0.0,-0.01534649,0.0,0.99988224,0.17097028,0.0,0.50541089,0
0.99987894,0.0,0.01555981,0.0,1.0,0.0,-0.01555981,0.0,0.99987894,0.17103717,0.0,0.50548559,0
0.99987557,0.0,0.01577455,0.0,1.0,0.0,-0.01577455,0.0,0.99987557,0.17110453,0.0,0.50556077,0
0.99987214,0.0,0.01599071,0.0,1.0,0.0,-0.01599071,0.0,0.99987214,0.17117235,0.0,0.50563644,0
0.99986864,0.0,0.01620829,0.0,1.0,0.0,-0.01620829,0.0,0.99986864,0.17124064,0.0,0.50571259,0
0.99986506,0.0,0.01642729,0.0,1.0,0.0,-0.01642729,0.0,0.99986506,0.17130938,0.0,0.50578922,0
0.99986142,0.0,0.0166477,0.0,1.0,0.0,-0.0166477,0.0,0.99986142,0.17137859,0.0,0.50586633,0
0.9998577,0.0,0.01686953,0.0,1.0,0.0,-0.01686953,0.0,0.9998577,0.17144826,0.0,0.50594392,0
0.99985391,0.0,0.01709278,0.0,1.0,0.0,-0.01709278,0.0,0.99985391,0.17151839,0.0,0.50602199,0
0.99985004,0.0,0.01731743,0.0,1.0,0.0,-0.01731743,0.0,0.99985004,0.17158898,0.0,0.50610054,0
0.9998461,0.0,0.0175435,0.0,1.0,0.0,-0.0175435,0.0,0.9998461,0.17166003,0.0,0.50617957,0
0.99984208,0.0,0.01777098,0.0,1.0,0.0,-0.01777098,0.0,0.99984208,0.17173155,0.0,0.50625908,0
0.99983799,0.0,0.01799988,0.0,1.0,0.0,-0.01799988,0.0,0.99983799,0.17180353,0.0,0.50633906,0
0.99983382,0.0,0.01823018,0.0,1.0,0.0,-0.01823018,0.0,0.99983382,0.17187597,0.0,0.50641952,0
0.99982956,0.0,0.01846189,0.0,1.0,0.0,-0.01846189,0.0,0.99982956,0.17194887,0.0,0.50650045,0
0.99982523,0.0,0.018695,0.0,1.0,0.0,-0.018695,0.0,0.99982523,0.17202224,0.0,0.50658186,0
0.99982082,0.0,0.01892953,0.0,1.0,0.0,-0.01892953,0.0,0.99982082,0.17209606,0.0,0.50666374,0
0.99981633,0.0,0.01916545,0.0,1.0,0.0,-0.01916545,0.0,0.99981633,0.17217035,0.0,0.5067461,0
0.99981175,0.0,0.01940278,0.0,1.0,0.0,-0.01940278,0.0,0.99981175,0.1722451,0.0,0.50682893,0
0.99980709,0.0,0.01964152,0.0,1.0,0.0,-0.01964152,0.0,0.99980709,0.17232031,0.0,0.50691223,0
0.99980234,0.0,0.01988165,0.0,1.0,0.0,-0.01988165,0.0,0.99980234,0.17239599,0.0,0.506996,0
0.99979751,0.0,0.02012319,0.0,1.0,0.0,-0.02012319,0.0,0.99979751,0.17247212,0.0,0.50708025,0
0.99979259,0.0,0.02036613,0.0,1.0,0.0,-0.02036613,0.0,0.99979259,0.17254872,0.0,0.50716496,0
0.99978758,0.0,0.02061046,0.0,1.0,0.0,-0.02061046,0.0,0.99978758,0.17262578,0.0,0.50725014,0
0.99978249,0.0,0.02085619,0.0,1.0,0.0,-0.02085619,0.0,0.99978249,0.1727033,0.0,0.50733579,0
0.9997773,0.0,0.02110332,0.0,1.0,0.0,-0.02110332,0.0,0.9997773,0.17278129,0.0,0.50742191,0
0.99977202,0.0,0.02135184,0.0,1.0,0.0,-0.02135184,0.0,0.99977202,0.17285973,0.0,0.5075085,0
0.99976665,0.0,0.02160176,0.0,1.0,0.0,-0.02160176,0.0,0.99976665,0.17293864,0.0,0.50759555,0
0.99976119,0.0,0.02185307,0.0,1.0,0.0,-0.02185307,0.0,0.99976119,0.17301801,0.0,0.50768307,0
0.99975564,0.0,0.02210577,0.0,1.0,0.0,-0.02210577,0.0,0.99975564,0.17309785,0.0,0.50777106,0
0.99974999,0.0,0.02235986,0.0,1.0,0.0,-0.02235986,0.0,0.99974999,0.17317814,0.0,0.5078595,0
0.99974424,0.0,0.02261535,0.0,1.0,0.0,-0.02261535,0.0,0.99974424,0.1732589,0.0,0.50794841,0
0.9997384,0.0,0.02287222,0.0,1.0,0.0,-0.02287222,0.0,0.9997384,0.17334012,0.0,0.50803779,0
0.99973245,0.0,0.02313048,0.0,1.0,0.0,-0.02313048,0.0,0.99973245,0.1734218,0.0,0.50812763,0
0.99972641,0.0,0.02339012,0.0,1.0,0.0,-0.02339012,0.0,0.99972641,0.17350395,0.0,0.50821793,0
0.99972027,0.0,0.02365115,0.0,1.0,0.0,-0.02365115,0.0,0.99972027,0.17358655,0.0,0.50830868,0
0.99971403,0.0,0.02391357,0.0,1.0,0.0,-0.02391357,0.0,0.99971403,0.17366962,0.0,0.5083999,0
0.99970768,0.0,0.02417736,0.0,1.0,0.0,-0.02417736,0.0,0.99970768,0.17375315,0.0,0.50849158,0
0.99970124,0.0,0.02444254,0.0,1.0,0.0,-0.02444254,0.0,0.99970124,0.17383715,0.0,0.50858372,0
0.99969468,0.0,0.02470911,0.0,1.0,0.0,-0.02470911,0.0,0.99969468,0.17392161,0.0,0.50867632,0
0.99968802,0.0,0.02497705,0.0,1.0,0.0,-0.02497705,0.0,0.99968802,0.17400653,0.0,0.50876937,0
0.99968126,0.0,0.02524637,0.0,1.0,0.0,-0.02524637,0.0,0.99968126,0.17409191,0.0,0.50886288,0
0.99967439,0.0,0.02551706,0.0,1.0,0.0,-0.02551706,0.0,0.99967439,0.17417775,0.0,0.50895684,0
0.9996674,0.0,0.02578914,0.0,1.0,0.0,-0.02578914,0.0,0.9996674,0.17426406,0.0,0.50905126,0
0.99966031,0.0,0.02606259,0.0,1.0,0.0,-0.02606259,0.0,0.99966031,0.17435083,0.0,0.50914614,0
0.99965311,0.0,0.02633741,0.0,1.0,0.0,-0.02633741,0.0,0.99965311,0.17443807,0.0,0.50924147,0
0.9996458,0.0,0.02661361,0.0,1.0,0.0,-0.02661361,0.0,0.9996458,0.17452576,0.0,0.50933725,0
0.99963837,0.0,0.02689118,0.0,1.0,0.0,-0.02689118,0.0,0.99963837,0.17461392,0.0,0.50943348,0
0.99963082,0.0,0.02717012,0.0,1.0,0.0,-0.02717012,0.0,0.99963082,0.17470255,0.0,0.50953017,0
0.99962317,0.0,0.02745043,0.0,1.0,0.0,-0.02745043,0.0,0.99962317,0.17479163,0.0,0.5096273,0
0.99961539,0.0,0.02773211,0.0,1.0,0.0,-0.02773211,0.0,0.99961539,0.17488118,0.0,0.50972489,0
0.9996075,0.0,0.02801516,0.0,1.0,0.0,-0.02801516,0.0,0.9996075,0.1749712,0.0,0.50982292,0
0.99959949,0.0,0.02829958,0.0,1.0,0.0,-0.02829958,0.0,0.99959949,0.17506167,0.0,0.50992141,0
0.99959136,0.0,0.02858536,0.0,1.0,0.0,-0.02858536,0.0,0.99959136,0.17515261,0.0,0.51002034,0
0.9995831,0.0,0.0288725,0.0,1.0,0.0,-0.0288725,0.0,0.9995831,0.17524401,0.0,0.51011972,0
0.99957473,0.0,0.02916101,0.0,1.0,0.0,-0.02916101,0.0,0.99957473,0.17533588,0.0,0.51021954,0
0.99956623,0.0,0.02945088,0.0,1.0,0.0,-0.02945088,0.0,0.99956623,0.17542821,0.0,0.51031981,0
0.99955761,0.0,0.02974211,0.0,1.0,0.0,-0.02974211,0.0,0.99955761,0.175521,0.0,0.51042052,0
0.99954886,0.0,0.0300347,0.0,1.0,0.0,-0.0300347,0.0,0.99954886,0.17561426,0.0,0.51052168,0
0.99953998,0.0,0.03032865,0.0,1.0,0.0,-0.03032865,0.0,0.99953998,0.17570798,0.0,0.51062328,0
0.99953098,0.0,0.03062396,0.0,1.0,0.0,-0.03062396,0.0,0.99953098,0.17580217,0.0,0.51072533,0
0.99952184,0.0,0.03092063,0.0,1.0,0.0,-0.03092063,0.0,0.99952184,0.17589682,0.0,0.51082781,0
0.99951258,0.0,0.03121865,0.0,1.0,0.0,-0.03121865,0.0,0.99951258,0.17599193,0.0,0.51093074,0
0.99950318,0.0,0.03151802,0.0,1.0,0.0,-0.03151802,0.0,0.99950318,0.17608751,0.0,0.51103411,0
0.99949366,0.0,0.03181875,0.0,1.0,0.0,-0.03181875,0.0,0.99949366,0.17618355,0.0,0.51113792,0
0.99948399,0.0,0.03212084,0.0,1.0,0.0,-0.03212084,0.0,0.99948399,0.17628005,0.0,0.51124216,0
0.9994742,0.0,0.03242427,0.0,1.0,0.0,-0.03242427,0.0,0.9994742,0.17637702,0.0,0.51134684,0
0.99946426,0.0,0.03272905,0.0,1.0,0.0,-0.03272905,0.0,0.99946426,0.17647446,0.0,0.51145196,0
0.99945419,0.0,0.03303518,0.0,1.0,0.0,-0.03303518,0.0,0.99945419,0.17657235,0.0,0.51155752,0
0.99944398,0.0,0.03334266,0.0,1.0,0.0,-0.03334266,0.0,0.99944398,0.17667072,0.0,0.51166351,0
0.99943363,0.0,0.03365149,0.0,1.0,0.0,-0.03365149,0.0,0.99943363,0.17676955,0.0,0.51176994,0
0.99942314,0.0,0.03396166,0.0,1.0,0.0,-0.03396166,0.0,0.99942314,0.17686884,0.0,0.5118768,0
0.9994125,0.0,0.03427318,0.0,1.0,0.0,-0.03427318,0.0,0.9994125,0.17696859,0.0,0.5119841,0
0.99940172,0.0,0.03458604,0.0,1.0,0.0,-0.03458604,0.0,0.99940172,0.17706882,0.0,0.51209183,0
0.9993908,0.0,0.03490024,0.0,1.0,0.0,-0.03490024,0.0,0.9993908,0.1771695,0.0,0.51219998,0
0.99937973,0.0,0.03521578,0.0,1.0,0.0,-0.03521578,0.0,0.99937973,0.17727066,0.0,0.51230857,0
0.99936852,0.0,0.03553267,0.0,1.0,0.0,-0.03553267,0.0,0.99936852,0.17737227,0.0,0.5124176,0
0.99935715,0.0,0.03585089,0.0,1.0,0.0,-0.03585089,0.0,0.99935715,0.17747436,0.0,0.51252704,0
0.99934564,0.0,0.03617045,0.0,1.0,0.0,-0.03617045,0.0,0.99934564,0.17757691,0.0,0.51263692,0
0.99933397,0.0,0.03649134,0.0,1.0,0.0,-0.03649134,0.0,0.99933397,0.17767992,0.0,0.51274723,0
0.99932215,0.0,0.03681358,0.0,1.0,0.0,-0.03681358,0.0,0.99932215,0.1777834,0.0,0.51285796,0
0.99931018,0.0,0.03713714,0.0,1.0,0.0,-0.03713714,0.0,0.99931018,0.17788734,0.0,0.51296912,0
0.99929805,0.0,0.03746204,0.0,1.0,0.0,-0.03746204,0.0,0.99929805,0.17799175,0.0,0.51308071,0
0.99928577,0.0,0.03778827,0.0,1.0,0.0,-0.03778827,0.0,0.99928577,0.17809663,0.0,0.51319272,0
0.99927333,0.0,0.03811584,0.0,1.0,0.0,-0.03811584,0.0,0.99927333,0.17820197,0.0,0.51330515,0
0.99926073,0.0,0.03844473,0.0,1.0,0.0,-0.03844473,0.0,0.99926073,0.17830778,0.0,0.51341801,0
0.99924797,0.0,0.03877495,0.0,1.0,0.0,-0.03877495,0.0,0.99924797,0.17841406,0.0,0.51353129,0
0.99923505,0.0,0.0391065,0.0,1.0,0.0,-0.0391065,0.0,0.99923505,0.1785208,0.0,0.51364499,0
0.99922197,0.0,0.03943938,0.0,1.0,0.0,-0.03943938,0.0,0.99922197,0.17862801,0.0,0.51375911,0
0.99920872,0.0,0.03977358,0.0,1.0,0.0,-0.03977358,0.0,0.99920872,0.17873568,0.0,0.51387365,0
0.99919531,0.0,0.0401091,0.0,1.0,0.0,-0.0401091,0.0,0.99919531,0.17884382,0.0,0.51398861,0
0.99918173,0.0,0.04044595,0.0,1.0,0.0,-0.04044595,0.0,0.99918173,0.17895243,0.0,0.51410399,0
0.99916798,0.0,0.04078412,0.0,1.0,0.0,-0.04078412,0.0,0.99916798,0.1790615,0.0,0.51421979,0
0.99915407,0.0,0.04112361,0.0,1.0,0.0,-0.04112361,0.0,0.99915407,0.17917104,0.0,0.514336,0
0.99913998,0.0,0.04146442,0.0,1.0,0.0,-0.04146442,0.0,0.99913998,0.17928105,0.0,0.51445263,0
0.99912572,0.0,0.04180655,0.0,1.0,0.0,-0.04180655,0.0,0.99912572,0.17939153,0.0,0.51456968,0
0.99911129,0.0,0.04215,0.0,1.0,0.0,-0.04215,0.0,0.99911129,0.17950247,0.0,0.51468713,0
0.99909669,0.0,0.04249476,0.0,1.0,0.0,-0.04249476,0.0,0.99909669,0.17961388,0.0,0.51480501,0
0.99908191,0.0,0.04284084,0.0,1.0,0.0,-0.04284084,0.0,0.99908191,0.17972576,0.0,0.51492329,0
0.99906695,0.0,0.04318823,0.0,1.0,0.0,-0.04318823,0.0,0.99906695,0.1798381,0.0,0.51504199,0
0.99905182,0.0,0.04353693,0.0,1.0,0.0,-0.04353693,0.0,0.99905182,0.17995092,0.0,0.51516109,0
0.9990365,0.0,0.04388695,0.0,1.0,0.0,-0.04388695,0.0,0.9990365,0.1800642,0.0,0.51528061,0
0.99902101,0.0,0.04423827,0.0,1.0,0.0,-0.04423827,0.0,0.99902101,0.18017794,0.0,0.51540054,0
0.99900533,0.0,0.04459091,0.0,1.0,0.0,-0.04459091,0.0,0.99900533,0.18029216,0.0,0.51552088,0
0.99898947,0.0,0.04494485,0.0,1.0,0.0,-0.04494485,0.0,0.99898947,0.18040685,0.0,0.51564162,0
0.99897342,0.0,0.0453001,0.0,1.0,0.0,-0.0453001,0.0,0.99897342,0.180522,0.0,0.51576277,0
0.99895719,0.0,0.04565666,0.0,1.0,0.0,-0.04565666,0.0,0.99895719,0.18063762,0.0,0.51588433,0
0.99894077,0.0,0.04601452,0.0,1.0,0.0,-0.04601452,0.0,0.99894077,0.18075371,0.0,0.51600629,0
0.99892416,0.0,0.04637368,0.0,1.0,0.0,-0.04637368,0.0,0.99892416,0.18087027,0.0,0.51612866,0
0.99890736,0.0,0.04673415,0.0,1.0,0.0,-0.04673415,0.0,0.99890736,0.1809873,0.0,0.51625143,0
0.99889037,0.0,0.04709592,0.0,1.0,0.0,-0.04709592,0.0,0.99889037,0.1811048,0.0,0.5163746,0
0.99887319,0.0,0.04745899,0.0,1.0,0.0,-0.04745899,0.0,0.99887319,0.18122276,0.0,0.51649817,0
0.99885581,0.0,0.04782335,0.0,1.0,0.0,-0.04782335,0.0,0.99885581,0.1813412,0.0,0.51662215,0
0.99883823,0.0,0.04818902,0.0,1.0,0.0,-0.04818902,0.0,0.99883823,0.1814601,0.0,0.51674652,0
0.99882046,0.0,0.04855598,0.0,1.0,0.0,-0.04855598,0.0,0.99882046,0.18157948,0.0,0.5168713,0
0.99880249,0.0,0.04892424,0.0,1.0,0.0,-0.04892424,0.0,0.99880249,0.18169932,0.0,0.51699647,0
0.99878432,0.0,0.04929379,0.0,1.0,0.0,-0.04929379,0.0,0.99878432,0.18181963,0.0,0.51712205,0
0.99876595,0.0,0.04966463,0.0,1.0,0.0,-0.04966463,0.0,0.99876595,0.18194042,0.0,0.51724802,0
0.99874738,0.0,0.05003677,0.0,1.0,0.0,-0.05003677,0.0,0.99874738,0.18206167,0.0,0.51737438,0
0.9987286,0.0,0.05041019,0.0,1.0,0.0,-0.05041019,0.0,0.9987286,0.18218339,0.0,0.51750114,0
0.99870961,0.0,0.05078491,0.0,1.0,0.0,-0.05078491,0.0,0.99870961,0.18230559,0.0,0.51762829,0
0.99869042,0.0,0.05116091,0.0,1.0,0.0,-0.05116091,0.0,0.99869042,0.18242825,0.0,0.51775584,0
0.99867102,0.0,0.0515382,0.0,1.0,0.0,-0.0515382,0.0,0.99867102,0.18255139,0.0,0.51788378,0
0.99865141,0.0,0.05191678,0.0,1.0,0.0,-0.05191678,0.0,0.99865141,0.18267499,0.0,0.51801212,0
0.99863159,0.0,0.05229664,0.0,1.0,0.0,-0.05229664,0.0,0.99863159,0.18279907,0.0,0.51814084,0
0.99861156,0.0,0.05267779,0.0,1.0,0.0,-0.05267779,0.0,0.99861156,0.18292361,0.0,0.51826995,0
0.99859131,0.0,0.05306022,0.0,1.0,0.0,-0.05306022,0.0,0.99859131,0.18304863,0.0,0.51839946,0
0.99857085,0.0,0.05344393,0.0,1.0,0.0,-0.05344393,0.0,0.99857085,0.18317412,0.0,0.51852935,0
0.99855017,0.0,0.05382892,0.0,1.0,0.0,-0.05382892,0.0,0.99855017,0.18330008,0.0,0.51865963,0
0.99852928,0.0,0.05421519,0.0,1.0,0.0,-0.05421519,0.0,0.99852928,0.18342652,0.0,0.51879029,0
0.99850816,0.0,0.05460273,0.0,1.0,0.0,-0.05460273,0.0,0.99850816,0.18355342,0.0,0.51892134,0
0.99848682,0.0,0.05499156,0.0,1.0,0.0,-0.05499156,0.0,0.99848682,0.1836808,0.0,0.51905278,0
0.99846526,0.0,0.05538165,0.0,1.0,0.0,-0.05538165,0.0,0.99846526,0.18380864,0.0,0.5191846,0
0.99844347,0.0,0.05577303,0.0,1.0,0.0,-0.05577303,0.0,0.99844347,0.18393696,0.0,0.5193168,0
0.99842146,0.0,0.05616567,0.0,1.0,0.0,-0.05616567,0.0,0.99842146,0.18406576,0.0,0.51944939,0
0.99839923,0.0,0.05655959,0.0,1.0,0.0,-0.05655959,0.0,0.99839923,0.18419502,0.0,0.51958236,0
0.99837676,0.0,0.05695478,0.0,1.0,0.0,-0.05695478,0.0,0.99837676,0.18432476,0.0,0.51971571,0
0.99835406,0.0,0.05735123,0.0,1.0,0.0,-0.05735123,0.0,0.99835406,0.18445497,0.0,0.51984943,0
0.99833114,0.0,0.05774896,0.0,1.0,0.0,-0.05774896,0.0,0.99833114,0.18458565,0.0,0.51998354,0
0.99830798,0.0,0.05814795,0.0,1.0,0.0,-0.05814795,0.0,0.99830798,0.18471681,0.0,0.52011802,0
0.99828458,0.0,0.05854821,0.0,1.0,0.0,-0.05854821,0.0,0.99828458,0.18484844,0.0,0.52025289,0
0.99826095,0.0,0.05894973,0.0,1.0,0.0,-0.05894973,0.0,0.99826095,0.18498054,0.0,0.52038812,0
0.99823709,0.0,0.05935252,0.0,1.0,0.0,-0.05935252,0.0,0.99823709,0.18511311,0.0,0.52052374,0
0.99821298,0.0,0.05975657,0.0,1.0,0.0,-0.05975657,0.0,0.99821298,0.18524616,0.0,0.52065973,0
0.99818863,0.0,0.06016188,0.0,1.0,0.0,-0.06016188,0.0,0.99818863,0.18537969,0.0,0.52079609,0
0.99816405,0.0,0.06056845,0.0,1.0,0.0,-0.06056845,0.0,0.99816405,0.18551368,0.0,0.52093282,0
0.99813922,0.0,0.06097627,0.0,1.0,0.0,-0.06097627,0.0,0.99813922,0.18564816,0.0,0.52106993,0
0.99811414,0.0,0.06138536,0.0,1.0,0.0,-0.06138536,0.0,0.99811414,0.1857831,0.0,0.5212074,0
0.99808882,0.0,0.0617957,0.0,1.0,0.0,-0.0617957,0.0,0.99808882,0.18591852,0.0,0.52134525,0
0.99806325,0.0,0.0622073,0.0,1.0,0.0,-0.0622073,0.0,0.99806325,0.18605442,0.0,0.52148347,0
0.99803743,0.0,0.06262015,0.0,1.0,0.0,-0.06262015,0.0,0.99803743,0.18619078,0.0,0.52162205,0
0.99801136,0.0,0.06303425,0.0,1.0,0.0,-0.06303425,0.0,0.99801136,0.18632763,0.0,0.521761,0
0.99798504,0.0,0.0634496,0.0,1.0,0.0,-0.0634496,0.0,0.99798504,0.18646495,0.0,0.52190032,0
0.99795847,0.0,0.06386621,0.0,1.0,0.0,-0.06386621,0.0,0.99795847,0.18660274,0.0,0.52204001,0
0.99793164,0.0,0.06428406,0.0,1.0,0.0,-0.06428406,0.0,0.99793164,0.18674101,0.0,0.52218006,0
0.99790455,0.0,0.06470316,0.0,1.0,0.0,-0.06470316,0.0,0.99790455,0.18687976,0.0,0.52232047,0
0.99787721,0.0,0.06512351,0.0,1.0,0.0,-0.06512351,0.0,0.99787721,0.18701898,0.0,0.52246124,0
0.99784961,0.0,0.0655451,0.0,1.0,0.0,-0.0655451,0.0,0.99784961,0.18715867,0.0,0.52260238,0
0.99782174,0.0,0.06596794,0.0,1.0,0.0,-0.06596794,0.0,0.99782174,0.18729885,0.0,0.52274388,0
0.99779362,0.0,0.06639202,0.0,1.0,0.0,-0.06639202,0.0,0.99779362,0.18743949,0.0,0.52288574,0
0.99776522,0.0,0.06681734,0.0,1.0,0.0,-0.06681734,0.0,0.99776522,0.18758062,0.0,0.52302796,0
0.99773657,0.0,0.0672439,0.0,1.0,0.0,-0.0672439,0.0,0.99773657,0.18772222,0.0,0.52317053,0
0.99770764,0.0,0.0676717,0.0,1.0,0.0,-0.0676717,0.0,0.99770764,0.1878643,0.0,0.52331347,0
0.99767845,0.0,0.06810074,0.0,1.0,0.0,-0.06810074,0.0,0.99767845,0.18800685,0.0,0.52345676,0
0.99764899,0.0,0.06853101,0.0,1.0,0.0,-0.06853101,0.0,0.99764899,0.18814988,0.0,0.5236004,0
0.99761925,0.0,0.06896252,0.0,1.0,0.0,-0.06896252,0.0,0.99761925,0.18829339,0.0,0.5237444,0
0.99758924,0.0,0.06939526,0.0,1.0,0.0,-0.06939526,0.0,0.99758924,0.18843738,0.0,0.52388876,0
0.99755896,0.0,0.06982924,0.0,1.0,0.0,-0.06982924,0.0,0.99755896,0.18858184,0.0,0.52403346,0
0.9975284,0.0,0.07026445,0.0,1.0,0.0,-0.07026445,0.0,0.9975284,0.18872678,0.0,0.52417852,0
0.99749756,0.0,0.07070089,0.0,1.0,0.0,-0.07070089,0.0,0.99749756,0.1888722,0.0,0.52432393,0
0.99746644,0.0,0.07113855,0.0,1.0,0.0,-0.07113855,0.0,0.99746644,0.1890181,0.0,0.52446969,0
0.99743504,0.0,0.07157745,0.0,1.0,0.0,-0.07157745,0.0,0.99743504,0.18916447,0.0,0.5246158,0
0.99740336,0.0,0.07201757,0.0,1.0,0.0,-0.07201757,0.0,0.99740336,0.18931133,0.0,0.52476226,0
0.9973714,0.0,0.07245892,0.0,1.0,0.0,-0.07245892,0.0,0.9973714,0.18945866,0.0,0.52490907,0
0.99733915,0.0,0.07290149,0.0,1.0,0.0,-0.07290149,0.0,0.99733915,0.18960647,0.0,0.52505622,0
0.99730661,0.0,0.07334529,0.0,1.0,0.0,-0.07334529,0.0,0.99730661,0.18975476,0.0,0.52520372,0
0.99727378,0.0,0.0737903,0.0,1.0,0.0,-0.0737903,0.0,0.99727378,0.18990353,0.0,0.52535156,0
0.99724066,0.0,0.07423654,0.0,1.0,0.0,-0.07423654,0.0,0.99724066,0.19005277,0.0,0.52549974,0
0.99720725,0.0,0.074684,0.0,1.0,0.0,-0.074684,0.0,0.99720725,0.1902025,0.0,0.52564827,0
0.99717355,0.0,0.07513267,0.0,1.0,0.0,-0.07513267,0.0,0.99717355,0.19035271,0.0,0.52579714,0
0.99713955,0.0,0.07558256,0.0,1.0,0.0,-0.07558256,0.0,0.99713955,0.19050339,0.0,0.52594635,0
0.99710525,0.0,0.07603367,0.0,1.0,0.0,-0.07603367,0.0,0.99710525,0.19065456,0.0,0.5260959,0
0.99707066,0.0,0.07648599,0.0,1.0,0.0,-0.07648599,0.0,0.99707066,0.1908062,0.0,0.52624579,0
0.99703576,0.0,0.07693952,0.0,1.0,0.0,-0.07693952,0.0,0.99703576,0.19095833,0.0,0.52639602,0
0.99700057,0.0,0.07739426,0.0,1.0,0.0,-0.07739426,0.0,0.99700057,0.19111094,0.0,0.52654659,0
0.99696507,0.0,0.07785022,0.0,1.0,0.0,-0.07785022,0.0,0.99696507,0.19126402,0.0,0.52669749,0
0.99692926,0.0,0.07830738,0.0,1.0,0.0,-0.07830738,0.0,0.99692926,0.19141759,0.0,0.52684872,0
0.99689315,0.0,0.07876575,0.0,1.0,0.0,-0.07876575,0.0,0.99689315,0.19157164,0.0,0.52700029,0
0.99685673,0.0,0.07922533,0.0,1.0,0.0,-0.07922533,0.0,0.99685673,0.19172617,0.0,0.5271522,0
0.99682001,0.0,0.07968611,0.0,1.0,0.0,-0.07968611,0.0,0.99682001,0.19188118,0.0,0.52730444,0
0.99678297,0.0,0.0801481,0.0,1.0,0.0,-0.0801481,0.0,0.99678297,0.19203667,0.0,0.527457,0
0.99674561,0.0,0.08061129,0.0,1.0,0.0,-0.08061129,0.0,0.99674561,0.19219264,0.0,0.5276099,0
0.99670795,0.0,0.08107568,0.0,1.0,0.0,-0.08107568,0.0,0.99670795,0.1923491,0.0,0.52776313,0
0.99666997,0.0,0.08154127,0.0,1.0,0.0,-0.08154127,0.0,0.99666997,0.19250603,0.0,0.52791669,0
0.99663167,0.0,0.08200806,0.0,1.0,0.0,-0.08200806,0.0,0.99663167,0.19266345,0.0,0.52807057,0
0.99659305,0.0,0.08247605,0.0,1.0,0.0,-0.08247605,0.0,0.99659305,0.19282135,0.0,0.52822478,0
0.99655411,0.0,0.08294523,0.0,1.0,0.0,-0.08294523,0.0,0.99655411,0.19297974,0.0,0.52837932,0
0.99651484,0.0,0.08341561,0.0,1.0,0.0,-0.08341561,0.0,0.99651484,0.1931386,0.0,0.52853418,0
0.99647526,0.0,0.08388718,0.0,1.0,0.0,-0.08388718,0.0,0.99647526,0.19329795,0.0,0.52868936,0
0.99643535,0.0,0.08435994,0.0,1.0,0.0,-0.08435994,0.0,0.99643535,0.19345779,0.0,0.52884487,0
0.99639511,0.0,0.0848339,0.0,1.0,0.0,-0.0848339,0.0,0.99639511,0.1936181,0.0,0.5290007,0
0.99635454,0.0,0.08530904,0.0,1.0,0.0,-0.08530904,0.0,0.99635454,0.1937789,0.0,0.52915685,0
0.99631364,0.0,0.08578538,0.0,1.0,0.0,-0.08578538,0.0,0.99631364,0.19394018,0.0,0.52931332,0
0.99627241,0.0,0.0862629,0.0,1.0,0.0,-0.0862629,0.0,0.99627241,0.19410195,0.0,0.52947011,0
0.99623084,0.0,0.0867416,0.0,1.0,0.0,-0.0867416,0.0,0.99623084,0.1942642,0.0,0.52962722,0
0.99618894,0.0,0.0872215,0.0,1.0,0.0,-0.0872215,0.0,0.99618894,0.19442693,0.0,0.52978465,0
0.99614671,0.0,0.08770257,0.0,1.0,0.0,-0.08770257,0.0,0.99614671,0.19459015,0.0,0.52994239,0
0.99610413,0.0,0.08818483,0.0,1.0,0.0,-0.08818483,0.0,0.99610413,0.19475385,0.0,0.53010044,0
0.99606121,0.0,0.08866826,0.0,1.0,0.0,-0.08866826,0.0,0.99606121,0.19491804,0.0,0.53025881,0
0.99601795,0.0,0.08915288,0.0,1.0,0.0,-0.08915288,0.0,0.99601795,0.19508271,0.0,0.5304175,0
0.99597435,0.0,0.08963867,0.0,1.0,0.0,-0.08963867,0.0,0.99597435,0.19524787,0.0,0.53057649,0
0.9959304,0.0,0.09012564,0.0,1.0,0.0,-0.09012564,0.0,0.9959304,0.19541351,0.0,0.5307358,0
0.99588611,0.0,0.09061379,0.0,1.0,0.0,-0.09061379,0.0,0.99588611,0.19557964,0.0,0.53089542,0
0.99584147,0.0,0.09110311,0.0,1.0,0.0,-0.09110311,0.0,0.99584147,0.19574625,0.0,0.53105535,0
0.99579647,0.0,0.0915936,0.0,1.0,0.0,-0.0915936,0.0,0.99579647,0.19591335,0.0,0.53121558,0
0.99575113,0.0,0.09208526,0.0,1.0,0.0,-0.09208526,0.0,0.99575113,0.19608093,0.0,0.53137612,0
0.99570543,0.0,0.0925781,0.0,1.0,0.0,-0.0925781,0.0,0.99570543,0.196249,0.0,0.53153697,0
0.99565937,0.0,0.0930721,0.0,1.0,0.0,-0.0930721,0.0,0.99565937,0.19641756,0.0,0.53169812,0
0.99561296,0.0,0.09356727,0.0,1.0,0.0,-0.09356727,0.0,0.99561296,0.1965866,0.0,0.53185958,0
0.99556619,0.0,0.09406361,0.0,1.0,0.0,-0.09406361,0.0,0.99556619,0.19675613,0.0,0.53202134,0
0.99551906,0.0,0.09456111,0.0,1.0,0.0,-0.09456111,0.0,0.99551906,0.19692614,0.0,0.53218341,0
0.99547157,0.0,0.09505977,0.0,1.0,0.0,-0.09505977,0.0,0.99547157,0.19709665,0.0,0.53234577,0
0.99542371,0.0,0.0955596,0.0,1.0,0.0,-0.0955596,0.0,0.99542371,0.19726764,0.0,0.53250844,0
0.99537549,0.0,0.09606058,0.0,1.0,0.0,-0.09606058,0.0,0.99537549,0.19743911,0.0,0.53267141,0
0.9953269,0.0,0.09656273,0.0,1.0,0.0,-0.09656273,0.0,0.9953269,0.19761108,0.0,0.53283467,0
0.99527794,0.0,0.09706603,0.0,1.0,0.0,-0.09706603,0.0,0.99527794,0.19778353,0.0,0.53299823,0
0.99522862,0.0,0.09757049,0.0,1.0,0.0,-0.09757049,0.0,0.99522862,0.19795647,0.0,0.53316209,0
0.99517892,0.0,0.09807611,0.0,1.0,0.0,-0.09807611,0.0,0.99517892,0.1981299,0.0,0.53332624,0
0.99512884,0.0,0.09858288,0.0,1.0,0.0,-0.09858288,0.0,0.99512884,0.19830382,0.0,0.53349069,0
0.9950784,0.0,0.0990908,0.0,1.0,0.0,-0.0990908,0.0,0.9950784,0.19847822,0.0,0.53365543,0
0.99502757,0.0,0.09959988,0.0,1.0,0.0,-0.09959988,0.0,0.99502757,0.19865311,0.0,0.53382046,0
0.99497637,0.0,0.1001101,0.0,1.0,0.0,-0.1001101,0.0,0.99497637,0.1988285,0.0,0.53398579,0
0.99492478,0.0,0.10062147,0.0,1.0,0.0,-0.10062147,0.0,0.99492478,0.19900437,0.0,0.5341514,0
0.99487281,0.0,0.10113399,0.0,1.0,0.0,-0.10113399,0.0,0.99487281,0.19918073,0.0,0.53431731,0
0.99482046,0.0,0.10164766,0.0,1.0,0.0,-0.10164766,0.0,0.99482046,0.19935758,0.0,0.5344835,0
0.99476773,0.0,0.10216247,0.0,1.0,0.0,-0.10216247,0.0,0.99476773,0.19953492,0.0,0.53464998,0
0.9947146,0.0,0.10267842,0.0,1.0,0.0,-0.10267842,0.0,0.9947146,0.19971274,0.0,0.53481675,0
0.99466109,0.0,0.10319551,0.0,1.0,0.0,-0.10319551,0.0,0.99466109,0.19989106,0.0,0.5349838,0
0.99460719,0.0,0.10371375,0.0,1.0,0.0,-0.10371375,0.0,0.99460719,0.20006987,0.0,0.53515114,0
0.99455289,0.0,0.10423312,0.0,1.0,0.0,-0.10423312,0.0,0.99455289,0.20024917,0.0,0.53531876,0
0.9944982,0.0,0.10475363,0.0,1.0,0.0,-0.10475363,0.0,0.9944982,0.20042896,0.0,0.53548666,0
0.99444312,0.0,0.10527528,0.0,1.0,0.0,-0.10527528,0.0,0.99444312,0.20060924,0.0,0.53565484,0
0.99438764,0.0,0.10579806,0.0,1.0,0.0,-0.10579806,0.0,0.99438764,0.20079001,0.0,0.53582331,0
0.99433175,0.0,0.10632198,0.0,1.0,0.0,-0.10632198,0.0,0.99433175,0.20097127,0.0,0.53599205,0
0.99427547,0.0,0.10684703,0.0,1.0,0.0,-0.10684703,0.0,0.99427547,0.20115302,0.0,0.53616107,0
0.99421879,0.0,0.1073732,0.0,1.0,0.0,-0.1073732,0.0,0.99421879,0.20133526,0.0,0.53633037,0
0.9941617,0.0,0.10790051,0.0,1.0,0.0,-0.10790051,0.0,0.9941617,0.201518,0.0,0.53649995,0
0.9941042,0.0,0.10842895,0.0,1.0,0.0,-0.10842895,0.0,0.9941042,0.20170123,0.0,0.5366698,0
0.9940463,0.0,0.10895851,0.0,1.0,0.0,-0.10895851,0.0,0.9940463,0.20188494,0.0,0.53683993,0
0.99398799,0.0,0.1094892,0.0,1.0,0.0,-0.1094892,0.0,0.99398799,0.20206915,0.0,0.53701032,0
0.99392926,0.0,0.11002101,0.0,1.0,0.0,-0.11002101,0.0,0.99392926,0.20225386,0.0,0.53718099,0
0.99387013,0.0,0.11055394,0.0,1.0,0.0,-0.11055394,0.0,0.99387013,0.20243905,0.0,0.53735194,0
0.99381057,0.0,0.111088,0.0,1.0,0.0,-0.111088,0.0,0.99381057,0.20262474,0.0,0.53752315,0
0.99375061,0.0,0.11162317,0.0,1.0,0.0,-0.11162317,0.0,0.99375061,0.20281092,0.0,0.53769463,0
0.99369022,0.0,0.11215946,0.0,1.0,0.0,-0.11215946,0.0,0.99369022,0.20299759,0.0,0.53786638,0
0.99362942,0.0,0.11269687,0.0,1.0,0.0,-0.11269687,0.0,0.99362942,0.20318476,0.0,0.53803839,0
0.99356819,0.0,0.11323539,0.0,1.0,0.0,-0.11323539,0.0,0.99356819,0.20337242,0.0,0.53821067,0
0.99350654,0.0,0.11377503,0.0,1.0,0.0,-0.11377503,0.0,0.99350654,0.20356057,0.0,0.53838322,0
0.99344446,0.0,0.11431578,0.0,1.0,0.0,-0.11431578,0.0,0.99344446,0.20374922,0.0,0.53855603,0
0.99338196,0.0,0.11485764,0.0,1.0,0.0,-0.11485764,0.0,0.99338196,0.20393836,0.0,0.53872911,0
0.99331903,0.0,0.11540061,0.0,1.0,0.0,-0.11540061,0.0,0.99331903,0.20412799,0.0,0.53890244,0
0.99325567,0.0,0.11594469,0.0,1.0,0.0,-0.11594469,0.0,0.99325567,0.20431812,0.0,0.53907604,0
0.99319188,0.0,0.11648988,0.0,1.0,0.0,-0.11648988,0.0,0.99319188,0.20450874,0.0,0.53924989,0
0.99312765,0.0,0.11703617,0.0,1.0,0.0,-0.11703617,0.0,0.99312765,0.20469986,0.0,0.53942401,0
0.99306299,0.0,0.11758357,0.0,1.0,0.0,-0.11758357,0.0,0.99306299,0.20489147,0.0,0.53959838,0
0.99299789,0.0,0.11813206,0.0,1.0,0.0,-0.11813206,0.0,0.99299789,0.20508358,0.0,0.53977301,0
0.99293236,0.0,0.11868166,0.0,1.0,0.0,-0.11868166,0.0,0.99293236,0.20527618,0.0,0.53994789,0
0.99286638,0.0,0.11923236,0.0,1.0,0.0,-0.11923236,0.0,0.99286638,0.20546928,0.0,0.54012303,0
0.99279996,0.0,0.11978416,0.0,1.0,0.0,-0.11978416,0.0,0.99279996,0.20566287,0.0,0.54029843,0
0.99273309,0.0,0.12033705,0.0,1.0,0.0,-0.12033705,0.0,0.99273309,0.20585696,0.0,0.54047407,0
0.99266578,0.0,0.12089104,0.0,1.0,0.0,-0.12089104,0.0,0.99266578,0.20605154,0.0,0.54064997,0
0.99259803,0.0,0.12144612,0.0,1.0,0.0,-0.12144612,0.0,0.99259803,0.20624662,0.0,0.54082611,0
0.99252982,0.0,0.1220023,0.0,1.0,0.0,-0.1220023,0.0,0.99252982,0.20644219,0.0,0.54100251,0
0.99246116,0.0,0.12255956,0.0,1.0,0.0,-0.12255956,0.0,0.99246116,0.20663827,0.0,0.54117916,0
0.99239205,0.0,0.12311792,0.0,1.0,0.0,-0.12311792,0.0,0.99239205,0.20683483,0.0,0.54135605,0
0.99232248,0.0,0.12367736,0.0,1.0,0.0,-0.12367736,0.0,0.99232248,0.2070319,0.0,0.54153319,0
0.99225246,0.0,0.12423789,0.0,1.0,0.0,-0.12423789,0.0,0.99225246,0.20722946,0.0,0.54171057,0
0.99218198,0.0,0.12479951,0.0,1.0,0.0,-0.12479951,0.0,0.99218198,0.20742752,0.0,0.5418882,0
0.99211104,0.0,0.12536221,0.0,1.0,0.0,-0.12536221,0.0,0.99211104,0.20762607,0.0,0.54206607,0
0.99203964,0.0,0.12592599,0.0,1.0,0.0,-0.12592599,0.0,0.99203964,0.20782513,0.0,0.54224418,0
0.99196777,0.0,0.12649085,0.0,1.0,0.0,-0.12649085,0.0,0.99196777,0.20802468,0.0,0.54242253,0
0.99189544,0.0,0.12705679,0.0,1.0,0.0,-0.12705679,0.0,0.99189544,0.20822473,0.0,0.54260112,0
0.99182265,0.0,0.12762381,0.0,1.0,0.0,-0.12762381,0.0,0.99182265,0.20842527,0.0,0.54277995,0
0.99174938,0.0,0.12819191,0.0,1.0,0.0,-0.12819191,0.0,0.99174938,0.20862632,0.0,0.54295902,0
0.99167564,0.0,0.12876108,0.0,1.0,0.0,-0.12876108,0.0,0.99167564,0.20882786,0.0,0.54313833,0
0.99160144,0.0,0.12933132,0.0,1.0,0.0,-0.12933132,0.0,0.99160144,0.2090299,0.0,0.54331787,0
0.99152675,0.0,0.12990264,0.0,1.0,0.0,-0.12990264,0.0,0.99152675,0.20923244,0.0,0.54349764,0
0.9914516,0.0,0.13047502,0.0,1.0,0.0,-0.13047502,0.0,0.9914516,0.20943547,0.0,0.54367765,0
0.99137596,0.0,0.13104848,0.0,1.0,0.0,-0.13104848,0.0,0.99137596,0.20963901,0.0,0.54385789,0
0.99129985,0.0,0.131623,0.0,1.0,0.0,-0.131623,0.0,0.99129985,0.20984305,0.0,0.54403837,0
0.99122325,0.0,0.13219859,0.0,1.0,0.0,-0.13219859,0.0,0.99122325,0.21004758,0.0,0.54421907,0
